0.0597532 0.129642 0.118444 0.0129724 0.0069115 0.119579 0.174564 0.0193241 0.180023 0.178787
0.143106 0.134687 0.125936 0.129082 0.0942999 0.0876336 0.038787 0.163215 0.0379845 0.0452695
0.0241692 0.0316478 0.00470371 0.195546 0.132614 0.160351 0.0993003 0.196486 0.126582 0.0286
0.131173 0.068688 0.0573646 0.221173 0.0132769 0.0843009 0.0142999 0.181891 0.0841214 0.143711
0.103421 0.22118 0.184548 0.138865 0.144177 0.00440178 0.032526 0.0459664 0.0435672 0.0813473
0.00801106 0.0844411 0.120321 0.00721322 0.0163302 0.194107 0.145245 0.116837 0.187587 0.119908
0.011873 0.132034 0.10161 0.0707467 0.152058 0.130105 0.116453 0.160567 0.0811558 0.0433978
0.106449 0.123765 0.117618 0.138331 0.0649695 0.168411 0.0847927 0.0893223 0.0343263 0.0720146
0.0706774 0.167371 0.111313 0.064678 0.0267577 0.126499 0.120246 0.160646 0.0324954 0.119317
0.195323 0.229345 0.100693 0.0196506 0.109976 0.000942116 0.0324863 0.0376938 0.110465 0.163425
0.0967631 0.0917247 0.0725688 0.110046 0.149449 0.209381 0.0892893 0.0230925 0.110775 0.0469107
0.0317211 0.00561724 0.0565594 0.0487955 0.0283045 0.155102 0.193954 0.137715 0.152984 0.189248
0.0832149 0.122338 0.00902197 0.116772 0.156747 0.0951699 0.149265 0.109292 0.0086991 0.149481
0.0552927 0.0421688 0.074647 0.174112 0.130882 0.0184489 0.0195942 0.155367 0.0998675 0.229621
0.0366366 0.156456 0.171685 0.132982 0.111328 0.0490553 0.0572216 0.0750893 0.0964862 0.113059
0.122371 0.0412113 0.156798 0.0168609 0.13924 0.0102107 0.0903794 0.105155 0.125347 0.192426
0.0876042 0.100532 0.101505 0.0552737 0.103109 0.134453 0.110067 0.0704039 0.119785 0.117266
0.176906 0.018402 0.0391273 0.124755 0.11984 0.0146116 0.198973 0.102514 0.0631581 0.141713
0.18335 0.1685 0.132364 0.0880317 0.0745388 0.00201452 0.150669 0.023353 0.111663 0.0655164
0.199764 0.109712 0.191182 0.0333457 0.035979 0.0343138 0.0880282 0.194855 0.0527683 0.060052
0.0936875 0.00657884 0.175289 0.0987244 0.0435844 0.0854776 0.123551 0.125474 0.140423 0.10721
0.129147 0.0673778 0.244598 0.00541658 0.0679729 0.167179 0.150591 0.116252 0.0349737 0.0164911
0.170097 0.202936 0.120613 0.128764 0.114835 0.0800693 0.0128231 0.0852471 0.0811144 0.00350041
0.0143196 0.0250359 0.126044 0.156041 0.160299 0.130514 0.100996 0.14287 0.0378114 0.10607
0.121489 0.037388 0.087743 0.128199 0.0881791 0.0997832 0.147078 0.0972755 0.0540632 0.138801
0.144929 0.0288357 0.230227 0.0181414 0.0685818 0.00675107 0.245904 0.171255 0.0553055 0.0300701
0.0481367 0.0296535 0.169635 0.112731 0.158787 0.12998 0.100861 0.19148 0.0212156 0.0375208
0.0788487 0.251415 0.0482629 0.110229 0.0716049 0.125427 0.0424925 0.169676 0.0324247 0.0696188
0.0689356 0.104142 0.127582 0.158425 0.145657 0.0231677 0.122258 0.0307086 0.182872 0.0362525
0.11671 0.1619 0.144171 0.0486157 0.0929425 0.0257191 0.119312 0.11318 0.153584 0.0238656
0.148905 0.105937 0.0276603 0.0975094 0.117977 0.0946904 0.00329323 0.162403 0.128292 0.113333
0.142524 0.0249314 0.140015 0.0828561 0.0389076 0.099948 0.124062 0.149906 0.151499 0.0453514
0.0901608 0.00457374 0.140977 0.120029 0.0647579 0.159779 0.0691213 0.108003 0.100474 0.142124
0.163829 0.0785939 0.18599 0.128391 0.0903808 0.0686426 0.0752364 0.117653 0.07899 0.0122929
0.0998034 0.148241 0.1563 0.114594 0.00200737 0.142204 0.148797 0.0706692 0.056416 0.0609679
0.107739 0.0491142 0.0512382 0.156705 0.132959 0.0819127 0.15675 0.0914682 0.161984 0.01013
0.166865 0.15206 0.0709709 0.0328576 0.0362016 0.142891 0.0366742 0.125103 0.0702305 0.166146
0.180312 0.0767563 0.099311 0.121704 0.154825 0.000239225 0.024139 0.167884 0.0276393 0.14719
0.127496 0.0796099 0.107311 0.0652264 0.0724071 0.0927952 0.0767371 0.132527 0.101571 0.14432
0.0567484 0.13935 0.0685747 0.145172 0.0773194 0.0817503 0.149606 0.00909855 0.121768 0.150612
0.0291089 0.0871638 0.115578 0.131342 0.0890537 0.130148 0.0716692 0.0382063 0.136107 0.171623
0.0978144 0.121511 0.061311 0.100101 0.045191 0.131673 0.159126 0.0634004 0.147859 0.0720129
0.0571514 0.12056 0.066886 0.150295 0.0599884 0.176942 0.086088 0.0388965 0.13287 0.110323
0.0600302 0.160506 0.0618775 0.114819 0.136963 0.0747802 0.11239 0.0233446 0.169351 0.0859383
0.0724919 0.237473 0.0210099 0.071051 0.00619065 0.122025 0.00287384 0.217847 0.146082 0.102956
0.0334864 0.0573624 0.0188806 0.122947 0.00325298 0.190312 0.142992 0.0647713 0.193368 0.172628
0.0992551 0.0617714 0.0424354 0.00949601 0.10092 0.0375541 0.123843 0.200869 0.189674 0.134183
0.0235429 0.108121 0.0697198 0.0884238 0.0228676 0.0243025 0.0884403 0.225197 0.152597 0.196788
0.0292127 0.0176494 0.164054 0.125993 0.0230856 0.176992 0.0670714 0.154561 0.1573 0.0840805
0.179829 0.0418344 0.147543 0.0789447 0.0578733 0.0923839 0.0533904 0.0929938 0.143864 0.111343
0.110638 0.0780677 0.113065 0.072256 0.00607904 0.158445 0.108225 0.0843047 0.169244 0.0996758
0.134674 0.129813 0.199016 0.0883661 0.18556 0.0126885 0.07008 0.00315364 0.120647 0.0560013
0.0441011 0.0432418 0.0412509 0.156082 0.102516 0.140212 0.117269 0.154543 0.0564803 0.144304
0.062977 0.145957 0.0887961 0.0160574 0.0941091 0.0970441 0.235462 0.101144 0.0754684 0.0829856
0.134926 0.074438 0.100197 0.0601409 0.113021 0.103301 0.114924 0.0519065 0.0982801 0.148866
0.0641048 0.209394 0.0899294 0.15403 0.0514707 0.0931383 0.0599448 0.169416 0.0397744 0.0687987
0.00729128 0.0645382 0.184028 0.0567879 0.152857 0.199558 0.09633 0.0291309 0.137436 0.0720414
0.0343164 0.196886 0.111687 0.150028 0.0268677 0.0524386 0.041922 0.139197 0.0752626 0.171394
0.015658 0.193984 0.0144423 0.0617761 0.126723 0.160492 0.17905 0.0319441 0.0482264 0.167704
0.0711087 0.0593542 0.127401 0.187096 0.169778 0.0413918 0.0497726 0.0210908 0.106821 0.166187
0.177584 0.133763 0.0239091 0.00821474 0.101712 0.0867135 0.0791947 0.15914 0.0681825 0.161586
0.00478364 0.158425 0.100815 0.076903 0.142506 0.0773781 0.0939725 0.107556 0.149488 0.0881723
0.118262 0.0476675 0.160506 0.138641 0.104501 0.0147503 0.160427 0.0131841 0.114985 0.127077
0.114817 0.14274 0.0687788 0.0974425 0.0790039 0.132417 0.0507281 0.116905 0.124068 0.0730996
0.275609 0.148118 0.1669 0.00479357 0.00625648 0.190272 0.05115 0.0645681 0.086087 0.0062456
0.0503663 0.129487 0.0601651 0.0406207 0.280709 0.0855944 0.0933453 0.120316 0.124245 0.0151512
0.0435509 0.084963 0.162117 0.0292693 0.0992645 0.202815 0.0579715 0.189166 0.0841005 0.0467818
0.0532893 0.0595352 0.179333 0.124038 0.0607296 0.0824417 0.104574 0.134331 0.135999 0.0657301
0.00136042 0.12016 0.0441857 0.161013 0.015264 0.229167 0.0934131 0.0386778 0.206269 0.0904902
0.109246 0.105179 0.15811 0.0283446 0.152072 0.00190811 0.17524 0.0702332 0.141357 0.0583105
0.172286 0.152657 0.227833 0.0609132 0.0156093 0.0847289 0.0724643 0.0537286 0.131794 0.027986
0.00726948 0.00974344 0.0873512 0.0700259 0.0469843 0.117375 0.118777 0.360764 0.125642 0.0560676
0.0685165 0.0964689 0.13805 0.121351 0.0660132 0.101808 0.190919 0.0416297 0.151388 0.0238561
0.183766 0.0748486 0.07182 0.025392 0.234466 0.0836809 0.0190523 0.051267 0.0192607 0.236447
0.170656 0.17091 0.00431681 0.0552438 0.0636338 0.0783122 0.0515597 0.153698 0.158837 0.0928326
0.153914 0.0711566 0.109476 0.0717919 0.133127 0.0109963 0.103192 0.133969 0.156574 0.0558027
0.164157 0.0544886 0.0453089 0.0207069 0.0328887 0.14065 0.107694 0.152846 0.126197 0.155063
0.0543094 0.076363 0.189737 0.0619688 0.0909081 0.136223 0.174922 0.00538775 0.135749 0.0744314
0.0219736 0.123915 0.174626 0.160782 0.13601 0.097877 0.0141939 0.14441 0.0169718 0.109242
0.0514931 0.0506399 0.0873972 0.146518 0.0483874 0.154886 0.153797 0.0281604 0.148773 0.129949
0.0294324 0.17141 0.203603 0.087335 0.193711 0.0177502 0.049558 0.14426 0.0970459 0.00589417
0.00319991 0.0606387 0.173683 0.167762 0.13772 0.0270183 0.0960563 0.169569 0.00912508 0.155228
0.0447062 0.197482 0.00132402 0.122327 0.0596935 0.120862 0.0878893 0.0568428 0.196833 0.11204
0.0518049 0.132922 0.0661952 0.117114 0.0395821 0.142021 0.14798 0.112166 0.0489651 0.141249
0.0479451 0.028789 0.188246 0.141644 0.102029 0.150307 0.156064 0.00805881 0.0836781 0.0932391
0.00205901 0.119618 0.0105283 0.0683588 0.0802246 0.175146 0.179604 0.100261 0.188047 0.0761529
0.183903 0.207455 0.194753 0.0584542 0.0536749 0.0171093 0.0543214 0.056432 0.0633058 0.110591
0.215266 0.2144 0.0614546 0.0178714 0.0277936 0.0116492 0.0865471 0.235222 0.0182791 0.111517
0.0593325 0.031722 0.107081 0.176181 0.118009 0.0923117 0.123509 0.0917949 0.107161 0.0928979
0.157685 0.225815 0.0375953 0.00418397 0.0210255 0.231891 0.015371 0.0769683 0.125699 0.103766
0.18059 0.0695882 0.0620254 0.150841 0.00813888 0.118989 0.00508734 0.108417 0.135039 0.161284
0.0232988 0.139423 0.0225095 0.0974016 0.0979529 0.0764683 0.163968 0.155474 0.135717 0.0877869
0.130269 0.123754 0.0373115 0.0324686 0.114116 0.144566 0.109789 0.133378 0.105176 0.069172
0.108701 0.115669 0.0718181 0.157818 0.117119 0.04177 0.141875 0.0394852 0.166238 0.0395074
0.17393 0.0300968 0.200029 0.159807 0.012466 0.0159244 0.0271319 0.175832 0.110606 0.0941781
0.199765 0.0175026 0.11184 0.113681 0.14111 0.0758051 0.195354 0.0788771 0.0400331 0.0260312
0.164386 0.0921296 0.0420912 0.111776 0.0926611 0.179685 0.15102 0.118122 0.00217294 0.0459558
0.110831 0.0343117 0.171041 0.0164862 0.0147485 0.158939 0.13437 0.0941582 0.113856 0.151258
0.129602 0.123657 0.0780945 0.129723 0.0140078 0.0571485 0.135107 0.157301 0.171403 0.00395709
0.158257 0.0762126 0.161843 0.087745 0.0739385 0.0601747 0.139606 0.039281 0.109152 0.0937898
0.085252 0.13074 0.0677143 0.157369 0.106219 0.0587664 0.102904 0.0532074 0.125096 0.112732
0.0134391 0.0254707 0.0754175 0.127008 0.102914 0.0564292 0.204807 0.0290888 0.127009 0.238416
0.20268 0.0895092 0.112019 0.00700478 0.238114 0.0337649 0.0691309 0.13205 0.018387 0.0973396
0.0251656 0.190783 0.0862666 0.21886 0.0871776 0.0166813 0.18094 0.015601 0.000211511 0.178314
0.0175065 0.184626 0.0303621 0.187559 0.0165743 0.0838495 0.0714823 0.138489 0.186616 0.0829359
0.0436543 0.171175 0.0678902 0.0330189 0.115462 0.145408 0.0730911 0.104596 0.169882 0.0758235
0.142593 0.130269 0.091527 0.0113554 0.034923 0.185025 0.0950387 0.115309 0.133347 0.0606125
0.0668499 0.16763 0.119025 0.101364 0.139329 0.0447839 0.118924 0.0237136 0.102167 0.116212
0.134433 0.0534659 0.0534082 0.132524 0.122439 0.13589 0.175137 0.0228319 0.136894 0.032976
0.0463251 0.068573 0.228795 0.00665145 0.21221 0.0205633 0.112072 0.115673 0.119996 0.0691401
0.0346932 0.100733 0.117281 0.0923531 0.149297 0.174765 0.0107299 0.157582 0.0374643 0.1251
0.0691051 0.0712965 0.0696416 0.0777072 0.0364505 0.111818 0.178023 0.158654 0.0429996 0.184305
0.0932746 0.17105 0.0359352 0.0411313 0.137395 0.0793058 0.000643713 0.166377 0.271319 0.00356761
0.00182964 0.144166 0.142811 0.0612537 0.0225795 0.0249345 0.0830172 0.101307 0.221226 0.196876
0.154527 0.0245085 0.0940907 0.0372911 0.107264 0.110549 0.189144 0.0716885 0.0254467 0.185491
0.0503434 0.1456 0.0350297 0.0346608 0.111146 0.164998 0.174659 0.0839595 0.0308991 0.168704
0.126077 0.182883 0.143567 0.0408905 0.134896 0.0239033 0.0786785 0.10087 0.00024342 0.167991
0.024858 0.0813704 0.0991786 0.0283604 0.192393 0.122447 0.125701 0.205898 0.101908 0.0178864
0.00794603 0.122572 0.193019 0.0634231 0.0658145 0.0480402 0.174675 0.141516 0.161653 0.0213422
0.140694 0.0776945 0.0973695 0.00622031 0.19735 0.0911472 0.152831 0.110885 0.0498975 0.0759098
0.0729303 0.068762 0.0417556 0.0386642 0.00683125 0.0101955 0.232244 0.200281 0.0725775 0.255759
0.0554863 0.08569 0.120664 0.105314 0.0985938 0.145892 0.159883 0.0103396 0.200879 0.0172585
0.0543691 0.159346 0.0641777 0.17134 0.0347521 0.0356264 0.0380786 0.169429 0.145555 0.127327
0.159001 0.183605 0.183689 0.0872276 0.0661441 0.12495 0.0313789 0.0596368 0.0486867 0.0556806
0.13921 0.0925271 0.162748 0.038085 0.113269 0.15096 0.129769 0.011091 0.0228454 0.139494
0.0352733 0.138082 0.185324 0.090492 0.077144 0.0567905 0.0712387 0.187618 0.0200412 0.137996
0.160072 0.103163 0.085628 0.0657014 0.107212 0.147477 0.0886797 0.0980122 0.0818366 0.0622182
0.0562856 0.0960355 0.120229 0.0812833 0.126026 0.124001 0.21661 0.0941813 0.076944 0.00840358
0.0978066 0.00286828 0.154061 0.105609 0.0622124 0.14754 0.142269 0.00586584 0.159685 0.122083
0.12051 0.124819 0.082643 0.00091848 0.177061 0.0747555 0.146102 0.0626691 0.150093 0.0604289
0.164454 0.0995447 0.0730134 0.0767286 0.0063988 0.113261 0.0508375 0.120642 0.187658 0.107463
0.0341481 0.111451 0.147794 0.0481515 0.17203 0.133596 0.0851181 0.0866666 0.0192048 0.16184
0.069145 0.123328 0.0831218 0.022424 0.0255789 0.120264 0.106682 0.157141 0.150956 0.141359
0.117675 0.134437 0.0997691 0.0842421 0.135085 0.150406 0.0806958 0.0196377 0.0812352 0.0968165
0.0177788 0.104851 0.0957277 0.156648 0.138956 0.110866 0.0576511 0.120559 0.114209 0.0827533
0.09368 0.0907563 0.150231 0.0792146 0.106954 0.152333 0.0524845 0.0629574 0.10408 0.107309
0.00508602 0.131524 0.109896 0.149752 0.148538 0.032203 0.127036 0.145397 0.093556 0.0570117
0.161362 0.147068 0.0680972 0.149593 0.01329 0.134698 0.0272226 0.140159 0.0558681 0.102641
0.0747734 0.163359 0.21163 0.170504 0.142403 0.0776105 0.00999079 0.0906726 0.0119346 0.047123
0.00977292 0.122367 0.0862521 0.205426 0.188936 0.0337883 0.161185 0.0569015 0.0382292 0.0971432
0.0852461 0.0501415 0.0619011 0.150557 0.00833421 0.094881 0.16913 0.114096 0.129217 0.136496
0.0420369 0.109605 0.0288708 0.112514 0.135881 0.135839 0.151377 0.0891112 0.101578 0.0931866
0.0702687 0.0617151 0.0964811 0.103281 0.140431 0.116459 0.115773 0.0308904 0.0977704 0.16693
0.151357 0.0490928 0.0519144 0.158288 0.128287 0.185742 0.0165447 0.156206 0.0550177 0.0475513
0.0372214 0.0772511 0.190038 0.0958572 0.209619 0.0731052 0.0501234 0.0609873 0.0621486 0.143649
0.0856706 0.183281 0.0692419 0.0824272 0.0139445 0.0456604 0.109947 0.130311 0.181509 0.0980078
0.0365463 0.22573 0.113894 0.0172974 0.129151 0.10069 0.0394266 0.122338 0.0341279 0.180798
0.0541039 0.100317 0.16482 0.11093 0.0794839 0.0788307 0.161978 0.0868272 0.0180955 0.144614
0.24902 0.0471827 0.0398598 0.101213 0.22669 0.006466 0.100706 0.0301207 0.185539 0.0132034
0.150983 0.0685505 0.123264 0.207093 0.0465008 0.0421655 0.0661699 0.132344 0.0662998 0.096629
0.112013 0.133343 0.106818 0.117533 0.0643465 0.0697605 0.160394 0.0203484 0.156772 0.0586719
0.0581908 0.0487988 0.0541901 0.116809 0.0558758 0.168222 0.0752881 0.151578 0.114378 0.156671
0.14968 0.120327 0.00641632 0.227359 0.21811 0.0316516 0.132156 0.0157462 0.015217 0.0833385
0.0997871 0.137385 0.209371 0.10682 0.0231428 0.0764874 0.0866311 0.0719933 0.170089 0.0182931
0.0177332 0.030993 0.0749702 0.103615 0.18203 0.0604884 0.15768 0.100821 0.124354 0.147317
0.139138 0.0731515 0.0515256 0.171084 0.134291 0.152469 0.120914 0.0751502 0.0379401 0.044336
0.160894 0.045019 0.0165873 0.0910973 0.135864 0.103741 0.0677503 0.119507 0.117107 0.142433
0.0599005 0.0652799 0.0793903 0.115118 0.0818059 0.162503 0.11611 0.0986269 0.126415 0.0948503
0.064568 0.149185 0.124635 0.0538398 0.0990092 0.142698 0.138936 0.0330544 0.115179 0.0788959
0.22993 0.130437 0.106469 0.142984 0.056727 0.103474 0.0337438 0.0201014 0.111773 0.0643596
0.0749236 0.132699 0.0109981 0.148957 0.143048 0.0113723 0.167228 0.0313338 0.115751 0.163688
0.186016 0.0374147 0.117333 0.056407 0.201601 0.189464 0.0295751 0.0466232 0.000638702 0.134927
0.0325705 0.140106 0.109039 0.24379 0.0444761 0.142555 0.0217503 0.128001 0.136149 0.00156299
0.102164 0.0536326 0.0435641 0.0780698 0.0211134 0.205853 0.130627 0.19692 0.158051 0.0100044
0.14108 0.0833828 0.0472251 0.0125144 0.0506758 0.149176 0.0393569 0.142023 0.204356 0.13021
0.028838 0.128445 0.0116511 0.0965434 0.137104 0.143806 0.143276 0.0939358 0.133667 0.0827335
0.158914 0.0638724 0.134042 0.0629244 0.0670967 0.0204998 0.167718 0.0675806 0.145727 0.111624
0.0812261 0.135353 0.0060684 0.143187 0.0235931 0.161016 0.134735 0.0647465 0.167718 0.0823571
0.0283834 0.0995406 0.107107 0.183438 0.00455418 0.0768613 0.0604943 0.219058 0.0559511 0.164613
0.0123571 0.230366 0.116503 0.0413777 0.0131711 0.0881925 0.203229 0.168683 0.0701593 0.0559605
0.104098 0.0871922 0.166439 0.00556117 0.123217 0.0681614 0.111351 0.153124 0.0272916 0.153564
0.026793 0.173763 0.157235 0.00969914 0.178345 0.0819169 0.0190206 0.171807 0.107251 0.0741698
0.00810406 0.0894726 0.0781555 0.137275 0.176981 0.027069 0.131997 0.099173 0.149667 0.102107
0.0706493 0.161981 0.0667916 0.0662648 0.149981 0.159144 0.00848147 0.120139 0.0584782 0.13809
0.203297 0.113657 0.0320037 0.0773644 0.0781297 0.0879506 0.125592 0.179176 0.048515 0.054314
0.154229 0.174809 0.0712239 0.00453359 0.10283 0.0954727 0.143449 0.135907 0.110352 0.00719525
0.0529475 0.133193 0.104225 0.198077 0.0233971 0.0923627 0.146672 0.159801 0.0258967 0.0634285
0.159184 0.119617 0.060722 0.069294 0.0129776 0.0931373 0.0293721 0.107133 0.209266 0.139296
0.221988 0.0159186 0.180048 0.0135404 0.0838293 0.0237727 0.0511931 0.0751138 0.179625 0.154972
0.0937032 0.16101 0.0649758 0.15496 0.117946 0.0188955 0.0187215 0.0837185 0.16537 0.1207
0.0468774 0.0915988 0.143706 0.127072 0.0861668 0.104637 0.0329486 0.147428 0.0824947 0.13707
0.00331367 0.142034 0.0212885 0.102352 0.015556 0.158271 0.159091 0.118643 0.084996 0.194455
0.160866 0.0579265 0.120725 0.0810064 0.0471505 0.055235 0.146442 0.128703 0.0804428 0.121502
0.126782 0.162132 0.0864029 0.0839538 0.196809 0.0521754 0.109828 0.161053 0.0205603 0.000303542
0.00593242 0.0944065 0.0232009 0.0601949 0.0731487 0.094072 0.161908 0.176196 0.127419 0.183522
0.0373566 0.105827 0.0108133 0.0688298 0.142598 0.140618 0.175102 0.0921022 0.0486563 0.178097
0.13623 0.103933 0.0298262 0.0842383 0.0693685 0.135606 0.184306 0.0960764 0.150947 0.00946709
0.149763 0.0201428 0.116903 0.0883047 0.054511 0.125693 0.183325 0.132111 0.0151999 0.114047
0.0951516 0.0917456 0.134286 0.182293 0.0186269 0.0423408 0.200029 0.0687957 0.0399277 0.126804
0.120113 0.157817 0.0560885 0.108032 0.125123 0.0321221 0.0141919 0.138352 0.110754 0.137406
0.0144404 0.163597 0.031459 0.0800412 0.0334237 0.168642 0.0709333 0.147776 0.10495 0.184738
0.10837 0.139246 0.0199437 0.129715 0.077348 0.160404 0.0867897 0.0495228 0.106628 0.122032
0.173531 0.110776 0.0618282 0.0695268 0.0629242 0.152549 0.110798 0.0744086 0.0121301 0.171529
0.0481575 0.0874203 0.119351 0.152687 0.167178 0.0122819 0.0409456 0.0792524 0.123607 0.169119
0.0248652 0.185531 0.0488852 0.0787363 0.102373 0.109138 0.136626 0.208952 0.0329252 0.0719682
0.201437 0.0205898 0.154847 0.206556 0.190551 0.0470531 0.0521061 0.0343832 0.07789 0.0145869
0.0471707 0.130266 0.135998 0.0711162 0.0700476 0.0884225 0.14881 0.103442 0.0478346 0.156892
0.140348 0.0801127 0.0209724 0.047501 0.0557354 0.163342 0.0654786 0.129244 0.156739 0.140528
0.060042 0.153704 0.109383 0.127755 0.173023 0.10467 0.0126528 0.121568 0.0368475 0.100353
0.032981 0.0545244 0.00163823 0.240962 0.183225 0.0974792 0.00496083 0.122197 0.13995 0.122082
0.151536 0.141513 0.0334824 0.0258367 0.0440415 0.0370418 0.00649566 0.197008 0.229801 0.133245
0.0385222 0.188723 0.0682523 0.0469198 0.177383 0.175084 0.0870753 0.0176156 0.00492934 0.195496
0.163083 0.107765 0.0808285 0.0385921 0.159655 0.159929 0.0636231 0.034228 0.065003 0.127293
0.119889 0.0392164 0.173214 0.0874337 0.0478993 0.0595945 0.0229648 0.165694 0.0636213 0.220472
0.00462548 0.22642 0.0755558 0.0355044 0.0632902 0.0141308 0.10959 0.229445 0.0215263 0.219913
0.0907782 0.136226 0.143674 0.165275 0.138447 0.025722 0.00160952 0.157242 0.00236659 0.13866
0.0594392 0.0780417 0.103704 0.103124 0.119694 0.160275 0.0204183 0.167521 0.0624629 0.12532
0.0847328 0.0567432 0.124297 0.180726 0.102928 0.137017 0.147592 0.0763025 0.0108086 0.078853
0.0798828 0.0876645 0.0612419 0.170149 0.146745 0.115499 0.0673738 0.0843544 0.116077 0.0710124
0.0601821 0.11951 0.142232 0.0467458 0.0651005 0.0780835 0.0991247 0.148528 0.150165 0.0903292
0.0166063 0.110194 0.171297 0.0128558 0.163949 0.0545609 0.0552343 0.175909 0.163593 0.0758011
0.0335343 0.120716 0.0700887 0.0891265 0.127372 0.203922 0.157099 0.0322837 0.0656638 0.100194
0.00771086 0.115454 0.15161 0.128477 0.154108 0.0283217 0.0415461 0.140123 0.113186 0.119464
0.0372975 0.0414817 0.107077 0.212117 0.111711 0.216117 0.190483 0.0263168 0.0557503 0.00164755
0.0861256 0.205831 0.0083796 0.0263924 0.150761 0.109935 0.00758457 0.217727 0.0657109 0.121553
0.0628811 0.117721 0.0183908 0.148513 0.172968 0.137193 0.00377186 0.150735 0.0134987 0.174328
0.0209376 0.0155352 0.138521 0.211709 0.0270174 0.0529626 0.293519 0.0297743 0.17985 0.0301734
0.0969723 0.164987 0.0310812 0.140798 0.147391 0.0166825 0.126859 0.150026 0.0765925 0.0486098
0.0350097 0.187849 0.147996 0.0765601 0.0102212 0.134218 0.00977228 0.125907 0.13261 0.139858
0.166491 0.147451 0.0176479 0.021269 0.151428 0.00398826 0.148794 0.0624123 0.145167 0.135351
0.15248 0.0359892 0.169727 0.0672552 0.00372737 0.0739553 0.177812 0.131819 0.126698 0.0605359
0.138613 0.148647 0.0961174 0.143608 0.0706507 0.12882 0.0439614 0.0721588 0.123151 0.0342723
0.0720323 0.146967 0.0132753 0.147267 0.105001 0.065002 0.0841981 0.172913 0.0872993 0.106045
0.00572077 0.177575 0.175908 0.0177043 0.188749 0.0685004 0.08486 0.141725 0.116049 0.0232088
0.014668 0.139129 0.0393634 0.165864 0.128909 0.0251312 0.047616 0.151477 0.136366 0.151476
0.191652 0.0959753 0.0382134 0.0741566 0.0356188 0.0715672 0.17525 0.211764 0.0438142 0.0619884
0.113965 0.144064 0.0410512 0.12874 0.161995 0.149133 0.14862 0.0361691 0.0484969 0.0277644
0.167426 0.150856 0.000524588 0.0969735 0.106441 0.155156 0.0111735 0.130834 0.125373 0.0552418
0.0992834 0.161688 0.0180141 0.149413 0.0110822 0.183359 0.153999 0.0339725 0.105972 0.0832167
0.0992127 0.0899018 0.0938119 0.0690713 0.13057 0.117864 0.103891 0.0566952 0.106292 0.132691
0.0770325 0.11451 0.0766411 0.0502916 0.0295062 0.216251 0.0770206 0.0666713 0.101656 0.19042
0.0226125 0.165462 0.0213774 0.0433489 0.144369 0.038274 0.138457 0.143469 0.14424 0.138391
0.148867 0.141228 0.0968118 0.141612 0.0693605 0.0976295 0.0809207 0.0326211 0.149052 0.0418975
0.106468 0.099599 0.140827 0.140306 0.0913287 0.140592 0.0857019 0.108875 0.0640329 0.0222702
0.145403 0.00198617 0.131743 0.122904 0.0256433 0.161814 0.0526499 0.0843761 0.13179 0.14169
0.0997786 0.0266041 0.0484838 0.139998 0.042726 0.0721368 0.15241 0.121445 0.12845 0.167968
0.121698 0.086966 0.15346 0.164868 0.0299609 0.0239844 0.0990763 0.144271 0.0299392 0.145776
0.0196649 0.134899 0.161677 0.00314486 0.141366 0.0457612 0.0487266 0.232419 0.134089 0.0782519
0.0522521 0.248498 0.1557 0.0193713 0.125378 0.0282588 0.0584928 0.0989671 0.156247 0.0568346
0.151518 0.128143 0.0547414 0.134886 0.0678113 0.104889 0.031985 0.0632499 0.129003 0.133773
0.00986217 0.118428 0.0841127 0.151662 0.0636738 0.164308 0.0069648 0.173008 0.192619 0.0353618
0.192504 0.140403 0.0687725 0.0683274 0.170134 0.0793026 0.0546388 0.093869 0.0605982 0.0714504
0.0610122 0.0299361 0.093659 0.162763 0.197859 0.0931263 0.0740221 0.137157 0.13015 0.0203146
0.166189 0.0775661 0.0322636 0.118674 0.117395 0.105721 0.0447952 0.160274 0.0405512 0.13657
0.103086 0.0214836 0.139219 0.115284 0.111472 0.110614 0.136427 0.0681866 0.102876 0.0913518
0.140838 0.0335648 0.123969 0.0740081 0.167441 0.159142 0.0180104 0.076616 0.066761 0.139649
0.143787 0.174593 0.13325 0.0104387 0.127811 0.0109223 0.0681438 0.0675343 0.137828 0.125691
0.045849 0.0788097 0.123065 0.141236 0.0442759 0.120807 0.0846976 0.171021 0.0397119 0.150528
0.172877 0.133079 0.0259068 0.0553059 0.0880523 0.15476 0.101215 0.139607 0.112668 0.016528
0.0150089 0.00983139 0.195657 0.0947822 0.0780238 0.0997691 0.167049 0.0508947 0.1075 0.181484
0.176977 0.009955 0.182992 0.123502 0.0217198 0.0183862 0.038845 0.149541 0.187763 0.0903186
0.0209182 0.00858785 0.104905 0.224654 0.0504916 0.0998595 0.0557453 0.0869694 0.225574 0.122295
0.20885 0.131456 0.0503649 0.0674485 0.175112 0.174115 0.000265097 0.00891181 0.0885338 0.0949427
0.209784 0.0457209 0.0251443 0.11576 0.0631139 0.0786298 0.121492 0.0122253 0.159701 0.16843
0.0629202 0.00488768 0.11759 0.163341 0.186117 0.0701539 0.0965665 0.0278066 0.125311 0.145306
0.246319 0.0104822 0.00589684 0.104249 0.0745737 0.000680129 0.0603938 0.0506785 0.203368 0.243359
0.0676306 0.0503792 0.150036 0.085107 0.137169 0.0777397 0.0538999 0.108314 0.113566 0.156158
0.0953462 0.138118 0.147653 0.0617589 0.165332 0.131064 0.00947299 0.113954 0.114184 0.0231174
0.160461 0.017671 0.090628 0.137805 0.151613 0.0804416 0.0569201 0.142074 0.0652454 0.0971408
0.295041 0.108725 0.0484436 0.0799793 0.0641142 0.0310002 0.0461399 0.00630593 0.247578 0.072673
0.0914815 0.0921577 0.162559 0.000306319 0.0814856 0.0610194 0.148002 0.122186 0.141749 0.0990542
0.110084 0.0733004 0.0873006 0.179116 0.0990842 0.0222831 0.162272 0.16507 0.0875189 0.0139713
0.139229 0.115555 0.086774 0.130356 0.112759 0.082479 0.0897917 0.114555 0.0565126 0.071989
0.16974 0.255036 0.00132481 0.0606563 0.0507805 0.118633 0.156587 0.0549587 0.0448622 0.0874219
0.127382 0.178735 0.0860006 0.0456694 0.117096 0.140131 0.0188269 0.0909421 0.0220685 0.173148
0.125772 0.0499151 0.0304225 0.112536 0.148846 0.143627 0.139557 0.0645761 0.0577249 0.127023
0.166517 0.115766 0.118166 0.0239347 0.0657662 0.158321 0.133935 0.0598545 0.140522 0.0172179
0.153399 0.148317 0.0822364 0.0280256 0.0765359 0.115746 0.126258 0.0795121 0.0979776 0.0919935
0.101311 0.0985659 0.098646 0.0556821 0.0257846 0.0546244 0.0502451 0.164224 0.172596 0.178321
0.116971 0.0165289 0.0852269 0.168124 0.027298 0.167542 0.131874 0.104154 0.0518339 0.130447
0.140729 0.0596124 0.08794 0.0861873 0.0963842 0.143265 0.138805 0.012204 0.132455 0.102419
0.226569 0.0618707 0.0468987 0.017512 0.207794 0.151577 0.112563 0.10567 0.00433265 0.0652134
0.10721 0.052485 0.132868 0.0671432 0.127127 0.160286 0.156739 0.12768 0.0511616 0.0173003
0.124793 0.0591883 0.0121777 0.161968 0.102988 0.109275 0.139505 0.0944561 0.0953332 0.100315
0.132614 0.0182294 0.116063 0.0886199 0.139798 0.217105 0.095381 0.0286068 0.1452 0.0183839
0.132813 0.136612 0.0264834 0.0331798 0.177151 0.165773 0.144237 0.0843935 0.00660092 0.0927573
0.0489265 0.0726447 0.0732439 0.227294 0.129474 0.17467 0.0042876 0.0221651 0.0248256 0.222469
0.125504 0.0888692 0.164454 0.0450108 0.132488 0.183367 0.0132785 0.00371831 0.193958 0.0493522
0.135029 0.0291876 0.06109 0.115101 0.05701 0.183394 0.0673561 0.150861 0.0758042 0.125166
0.103184 0.100552 0.0028561 0.201575 0.0261708 0.0184911 0.205751 0.016196 0.0820579 0.243165
0.082548 0.052676 0.0549437 0.143343 0.0880649 0.108699 0.0691561 0.140275 0.129826 0.130467
0.145819 0.0241902 0.132814 0.166342 0.0688178 0.0183645 0.174576 0.0984756 0.0651729 0.105428
0.128331 0.00933388 0.140839 0.160365 0.113015 0.177135 0.0841146 0.0879279 0.0910902 0.00784875
0.0241176 0.104035 0.0105362 0.137522 0.172054 0.100373 0.155133 0.00537243 0.162632 0.128225
0.0568748 0.00762775 0.138324 0.00304852 0.191576 0.16779 0.0039893 0.220109 0.180377 0.0302837
0.0242234 0.141688 0.0837549 0.142595 0.185519 0.0307639 0.152606 0.0473678 0.00886456 0.182617
0.117169 0.109896 0.101971 0.125233 0.054546 0.0720335 0.100395 0.133187 0.0590578 0.126511
0.118333 0.153932 0.0356963 0.121525 0.16309 0.144899 0.0610305 0.00248391 0.035776 0.163234
0.110223 0.102886 0.133602 0.055686 0.0286292 0.0225386 0.0937137 0.168379 0.155194 0.129148
0.201668 0.111828 0.14143 0.0977289 0.16413 0.0888773 0.0897304 0.0827816 0.0120213 0.00980418
0.188745 0.0208421 0.174635 0.1395 0.0490026 0.0589513 0.0195924 0.150551 0.0515028 0.146678
0.144988 0.142442 0.0631735 0.00485887 0.0569651 0.155327 0.158543 0.101269 0.0261122 0.146322
0.0515306 0.00242326 0.236588 0.0414679 0.17783 0.016527 0.20586 0.173314 0.042116 0.0523435
0.00556001 0.00834002 0.0259985 0.169901 0.190584 0.173012 0.102548 0.0803023 0.176634 0.0671207
0.125123 0.0669447 0.00959768 0.214994 0.136671 0.140014 0.0844701 0.061673 0.0392119 0.1213
0.15319 0.0954231 0.062128 0.106242 0.055536 0.123306 0.156101 0.0825129 0.014932 0.15063
0.00502075 0.127804 0.0330515 0.121586 0.0985483 0.112636 0.122012 0.160011 0.0775325 0.141799
0.15436 0.0113418 0.1952 0.173797 0.0882303 0.0194542 0.0166187 0.12125 0.129155 0.0905924
0.043646 0.0712957 0.13431 0.0763338 0.040638 0.0588093 0.042682 0.143488 0.208583 0.180214
0.139735 0.0128639 0.150767 0.0577193 0.0757303 0.120626 0.0658347 0.163384 0.0902053 0.123134
0.088379 0.170509 0.10205 0.0732361 0.0919054 0.0339683 0.171622 0.0704721 0.0768745 0.120984
0.0993582 0.161621 0.0317182 0.0627302 0.113275 0.0339405 0.0646532 0.135477 0.143468 0.15376
0.0125857 0.134288 0.150569 0.0995527 0.0534074 0.0983989 0.103152 0.136798 0.0795176 0.131731
0.149715 0.00983874 0.109202 0.100014 0.156665 0.0233554 0.0485036 0.0969894 0.138538 0.167179
0.149655 0.15483 0.0791103 0.0869047 0.11538 0.07567 0.147392 0.0433684 0.093894 0.0537953
0.148205 0.119334 0.1485 0.0874437 0.145354 0.00340214 0.115407 0.130504 0.0942865 0.0075643
0.0432856 0.0762648 0.188233 0.0352267 0.0167366 0.0121582 0.059468 0.217732 0.189386 0.161509
0.0946586 0.179364 0.124554 0.0124129 0.102239 0.182709 0.0840063 0.099547 0.0222464 0.0982626
0.0381215 0.121278 0.0999924 0.0540123 0.119875 0.144534 0.119444 0.115144 0.0965451 0.0910543
0.154533 0.0173828 0.0345707 0.21588 0.185651 0.0980068 0.0492227 0.111959 0.10478 0.0280148
0.0742052 0.0370143 0.110972 0.08661 0.195115 0.0901032 0.0848188 0.0272544 0.14728 0.146627
0.125289 0.115289 0.156557 0.0160105 0.118453 0.15755 0.0366953 0.0579649 0.103953 0.112239
0.0102359 0.10164 0.108318 0.191163 0.0367564 0.120834 0.0315417 0.20238 0.00950227 0.187629
0.0225377 0.104666 0.0616357 0.151549 0.075262 0.00322001 0.120258 0.159066 0.157917 0.143889
0.143351 0.0453422 0.00377367 0.0503442 0.121753 0.162282 0.208178 0.0611717 0.061542 0.142262
0.0979991 0.0849533 0.131606 0.0962793 0.0480398 0.146647 0.0806759 0.0745164 0.149488 0.0897954
0.0328545 0.100928 0.129719 0.0769194 0.162765 0.177771 0.180163 0.111936 0.0166074 0.0103353
0.00443829 0.0681988 0.186929 0.0115225 0.0847529 0.216601 0.024404 0.206901 0.142628 0.0536232
0.0916168 0.267108 0.216518 0.0434728 0.0248944 0.0538019 0.0306041 0.15098 0.00594496 0.115059
0.143303 0.129231 0.0692857 0.112604 0.0234197 0.135997 0.173425 0.0175516 0.130484 0.0646981
0.110075 0.15292 0.0385354 0.00587229 0.157701 0.140991 0.135724 0.110294 0.0700509 0.0778382
0.106994 0.108688 0.044764 0.0993969 0.0321336 0.152324 0.159091 0.131517 0.0687617 0.0963306
0.184148 0.200093 0.00491984 0.127865 0.00898312 0.0387839 0.182363 0.0741406 0.0736713 0.105033
0.120504 0.021478 0.151725 0.141965 0.158156 0.118311 0.0349068 0.103575 0.0331918 0.116188
0.0900501 0.123058 0.147465 0.00759288 0.148946 0.149462 0.0468384 0.104692 0.150691 0.0312056
0.138552 0.166291 0.0769391 0.0333581 0.132701 0.0184948 0.16372 0.132821 0.0928813 0.0442416
0.05645 0.216652 0.095091 0.101986 0.00390925 0.218667 0.130567 0.0530347 0.118642 0.00500243
0.146943 0.144635 0.145347 0.0856096 0.0256879 0.146652 0.0586575 0.105039 0.0673114 0.074118
0.100866 0.0626109 0.198095 0.0995141 0.154563 0.0565535 0.086779 0.0563183 0.119825 0.064876
0.154615 0.0572072 0.190285 0.0337067 0.227501 0.117254 0.0603609 0.0259233 0.0878736 0.0452716
0.0258283 0.165361 0.108171 0.160733 0.169924 0.137976 0.10545 0.0321808 0.00907498 0.0853019
0.103489 0.0721508 0.0458367 0.140202 0.0259449 0.143122 0.0816539 0.148282 0.094348 0.144971
0.152906 0.0419821 0.208145 0.0824599 0.132946 0.0543899 0.20803 0.058849 0.0571263 0.00316491
0.116712 0.0994408 0.0923399 0.0869051 0.262615 0.037985 0.0403166 0.196597 0.00640058 0.0606883
0.172208 0.103715 0.109918 0.0551448 0.172845 0.150234 0.0320132 0.0677136 0.119055 0.0171536
0.100395 0.164983 0.0938778 0.0923608 0.137174 0.0545556 0.105902 0.0244725 0.206586 0.0196931
0.143949 0.143342 0.0597838 0.0538683 0.0876702 0.11713 0.0822708 0.152239 0.101478 0.0582693
0.0873082 0.0110992 0.0948051 0.0330371 0.14141 0.0449344 0.178061 0.0923069 0.182586 0.134452
0.13993 0.116101 0.0541939 0.00326728 0.0772317 0.150478 0.154808 0.0877642 0.092426 0.123798
0.0197655 0.0765273 0.128253 0.213853 0.0652897 0.0491125 0.180412 0.0733962 0.122961 0.0704289
0.0172271 0.0837815 0.123655 0.0211048 0.0958223 0.170127 0.142599 0.048419 0.151957 0.145308
0.0726008 0.13014 0.0441253 0.101534 0.0464661 0.207475 0.0843214 0.05521 0.0849721 0.173155
0.121833 0.131641 0.219325 0.0787009 0.109177 0.0613544 0.00964769 0.103667 0.148919 0.0157355
0.121361 0.0287549 0.183608 0.0574712 0.084814 0.155855 0.0763867 0.00165015 0.166039 0.12406
0.154296 0.109776 0.00223122 0.0526385 0.109023 0.0397313 0.0787154 0.152311 0.143729 0.157549
0.102622 0.0352219 0.0851853 0.134641 0.109501 0.124977 0.148115 0.0946854 0.0454328 0.119618
0.0836394 0.0805646 0.0630768 0.113347 0.140851 0.0744551 0.0605986 0.10417 0.141813 0.137485
0.0667161 0.0913769 0.158063 0.00582391 0.0921059 0.149453 0.112019 0.103504 0.0873305 0.133607
0.0306161 0.217221 0.12672 0.0502446 0.0965124 0.00646207 0.202462 0.128011 0.0848862 0.0568641
0.148512 0.12457 0.151755 0.00188266 0.149135 0.121328 0.0433725 0.140794 0.0571278 0.0615221
0.0426509 0.0638682 0.218783 0.0125504 0.0165542 0.234678 0.111408 5.4308e-05 0.20973 0.0897224
0.00570435 0.115093 0.116181 0.0540931 0.126766 0.158547 0.0546484 0.171407 0.13222 0.0653397
0.0348209 0.167575 0.0423301 0.214659 0.0906271 0.0592854 0.235121 0.0406096 0.055024 0.0599483
0.0879534 0.0068161 0.189668 0.18149 0.026544 0.225269 0.0573767 0.137171 0.0551214 0.0325898
0.044287 0.0452572 0.0882901 0.120984 0.154163 0.0358016 0.0644805 0.143876 0.108836 0.194025
0.0342154 0.091252 0.118486 0.0363233 0.164685 0.153926 0.0608451 0.0773718 0.174484 0.0884121
0.143784 0.0573993 0.075459 0.102646 0.176836 0.203297 0.00159332 0.0658379 0.0809753 0.0921725
0.115665 0.0352685 0.0342587 0.171974 0.0536672 0.0240298 0.190823 0.103394 0.0884555 0.182464
0.088828 0.0569564 0.176398 0.14749 0.0223885 0.0733572 0.258871 0.0494814 0.0619203 0.0643102
0.139558 0.0712012 0.104784 0.151451 0.119421 0.101656 0.0936113 0.015985 0.0142788 0.188054
0.131979 0.0345122 0.130898 0.0925589 0.101863 0.109946 0.143242 0.114002 0.124068 0.0169315
0.119655 0.0428967 0.0419811 0.105777 0.132677 0.0513311 0.0450729 0.099864 0.189011 0.171735
0.159517 0.0847515 0.161856 0.129625 0.101431 0.0425001 0.1941 0.0649933 0.000208574 0.0610182
0.0873334 0.0912284 0.170377 0.078202 0.00429362 0.0376114 0.26901 0.00194416 0.252277 0.00772254
0.139742 0.104941 0.14022 0.118891 0.04744 0.0193722 0.164653 0.0578028 0.15507 0.0518674
0.0782224 0.131546 0.163643 0.0496518 0.0423294 0.0946994 0.0138167 0.155305 0.115883 0.154904
0.135491 0.000793926 0.146097 0.168233 0.156201 0.0906139 0.136068 0.118129 0.0153614 0.033012
0.0501133 0.206142 0.166743 0.0231871 0.0465535 0.158118 0.208724 0.0162678 0.0770473 0.0471036
0.0927176 0.0320677 0.0567412 0.107463 0.146891 0.0153889 0.147338 0.117592 0.147468 0.136332
0.215079 0.0800811 0.035091 0.0835949 0.0362361 0.14723 0.107936 0.0788376 0.133026 0.0828872
0.169464 0.0489254 0.08317 0.045552 0.0616269 0.180452 0.167102 0.0360409 0.135429 0.0722371
0.135085 0.129039 0.0498182 0.0522135 0.0867577 0.127827 0.0893208 0.089991 0.149278 0.0906698
0.0522755 0.00291469 0.152853 0.0949255 0.149364 0.151175 0.0787314 0.106508 0.15386 0.0573926
0.15211 0.0213152 0.134274 0.0352787 0.206932 0.0645222 0.15787 0.0723083 0.00995394 0.145435
0.000749707 0.132689 0.114423 0.0609271 0.176078 0.173372 0.0269862 0.0861939 0.161475 0.067106
0.0915895 0.139422 0.171581 0.0912792 0.0131857 0.0110859 0.110171 0.205039 0.0461538 0.120493
0.0676445 0.143149 0.0315045 0.128824 0.00061842 0.0561428 0.183949 0.167569 0.160205 0.0603937
0.217163 0.0998204 0.158817 0.0754521 0.068266 0.0521494 0.0634702 0.0927928 0.00163413 0.170435
0.0885386 0.0208229 0.135898 0.127203 0.158362 0.0451013 0.0304627 0.157063 0.172264 0.0642846
0.127178 0.126532 0.0713173 0.123881 0.136737 0.125358 0.0598623 0.128606 0.0699287 0.0305992
0.0130051 0.0774484 0.130459 0.068019 0.140532 0.0481453 0.179187 0.0376711 0.182201 0.123333
0.0580716 0.110143 0.165225 0.0725083 0.0119976 0.16737 0.113075 0.12241 0.0558774 0.123322
0.150205 0.0329766 0.112562 0.19088 0.0695446 0.153643 0.00451192 0.0390996 0.109449 0.137129
0.0912866 0.135949 0.1513 0.0791205 0.0190676 0.0506106 0.150302 0.1039 0.0693544 0.14911
0.151196 0.130264 0.0550084 0.146299 0.0787064 0.100898 0.147084 0.0370292 0.0917222 0.0617939
0.160904 0.0841848 0.0968609 0.0539824 0.0915869 0.159423 0.104614 0.0405954 0.0629905 0.144858
0.0793666 0.0364819 0.0292915 0.132176 0.187907 0.00144723 0.0792356 0.190034 0.125752 0.138308
0.157394 0.236841 0.145123 0.010668 0.183845 0.0165628 0.0832539 0.0908652 0.0430446 0.0324016
0.0170464 0.047386 0.152042 0.0943893 0.143316 0.143661 0.0637155 0.152187 0.104242 0.0820149
0.186979 0.097603 0.0293688 0.023326 0.129825 0.176229 0.0905048 0.172145 0.0296462 0.0643729
0.00971666 0.084299 0.102073 0.0851716 0.143352 0.0577639 0.206005 0.112608 0.0691282 0.129883
0.281162 0.187481 0.100444 0.162902 0.0454763 0.0587242 0.000623427 0.0878303 0.018764 0.0565931
0.0918627 0.0602836 0.0911992 0.134561 0.164778 0.0943509 0.00977995 0.145167 0.0949083 0.113109
0.0610318 0.0396821 0.103872 0.139443 0.090783 0.0656449 0.0622983 0.194474 0.122326 0.120446
0.00911563 0.148163 0.0636784 0.125292 0.209202 0.0497185 0.00869458 0.194538 0.109456 0.0821429
0.0788741 0.0932656 0.141459 0.0878713 0.0432888 0.089108 0.0672686 0.0623159 0.165779 0.17077
0.0093214 0.112186 0.168031 0.0611583 0.116373 0.0648491 0.181762 0.066656 0.161063 0.0586008
0.0320021 0.103211 0.0556661 0.164748 0.0459667 0.180559 0.188732 0.0177492 0.0196202 0.191746
0.111311 0.0447541 0.0203448 0.0879352 0.0560207 0.180525 0.154636 0.0941226 0.163216 0.0871335
0.12716 0.0864137 0.120674 0.110399 0.0448726 0.151722 0.081203 0.0549873 0.118378 0.104191
0.164278 0.138859 0.0801674 0.143645 0.018604 0.0666223 0.152461 0.0962864 0.0336379 0.105439
0.140479 0.190567 0.0400129 0.0516542 0.159499 0.0279044 0.103556 0.0812818 0.141169 0.0638766
0.0498091 0.241735 0.0057151 0.0231513 0.170323 0.19597 0.104511 0.0429741 0.158371 0.00744121
0.106912 0.00437697 0.121436 0.261556 0.188026 0.0673248 0.00471951 0.0748694 0.0862486 0.0845314
0.0257168 0.0705015 0.1531 0.115226 0.0614004 0.145043 0.132297 0.124601 0.0827009 0.0894136
0.101515 0.173946 0.0940435 0.0401296 0.114534 0.0301986 0.153502 0.0987989 0.153249 0.0400841
0.0841177 0.155614 0.128251 0.111163 0.0732648 0.126662 0.0863974 0.140312 0.0836355 0.0105834
0.0319697 0.2293 0.117452 0.00940947 0.172552 0.0889981 0.204895 0.0663657 0.0175817 0.0614765
0.0762751 0.168879 0.154009 0.151368 0.0354554 0.0353746 0.0704987 0.067265 0.048544 0.192332
0.127152 0.0441447 0.170479 0.0392226 0.11771 0.125677 0.0820346 0.037964 0.0971127 0.158503
0.132757 0.12127 0.142165 0.021864 0.00177974 0.284678 0.00673308 0.0389229 0.212971 0.0368593
0.0897161 0.133589 0.0660066 0.120841 0.0490683 0.00265426 0.200364 0.0699607 0.204696 0.0631037
0.128398 0.0613174 0.123456 0.123716 0.141785 0.121567 0.0526723 0.107266 0.127577 0.0122458
0.164814 0.0521671 0.131592 0.0380511 0.0952239 0.0190551 0.170752 0.0305653 0.149313 0.148465
0.217495 0.157164 0.0554604 0.174276 0.201074 0.0730858 0.00427706 0.0269915 0.066465 0.0237118
0.052312 0.0627499 0.141741 0.103174 0.0104089 0.103069 0.139534 0.151134 0.0902029 0.145674
0.150069 0.13383 0.0776158 0.135519 0.11287 0.0200326 0.111148 0.0609519 0.133062 0.0649018
0.152257 0.120509 0.0707564 0.069689 0.0838107 0.165549 0.0704129 0.0660997 0.147283 0.0536338
0.161456 0.0891167 0.122191 0.043584 0.0971231 0.0230953 0.195427 0.174625 0.0179406 0.0754417
0.0619846 0.175936 0.131105 0.0567161 0.142099 0.118517 0.0852867 0.0370074 0.0387042 0.152644
0.138612 0.102582 0.0658966 0.0524336 0.188031 0.0866164 0.112439 0.0970951 0.136404 0.0198901
0.0848049 0.0382203 0.0486785 0.0941496 0.166598 0.176904 0.117168 0.0675932 0.0831881 0.122695
0.0256408 0.00776355 0.0128502 0.0367252 0.163693 0.15488 0.179828 0.096306 0.143695 0.178618
